경험치에 따른 등급

 1            0           11      146,410           21     4,465,120
 2          512           12      207,360           22     5,792,661
 3         1024           13      314,171           23     7,319,072
 4         2048           14      460,992           24     8,874,375
 5         4096           15      658,125           25    20,000,000
 6         8192           16      887,504
 7       16,384           17    1,202,815
 8       32,768           18    1,699,616
 9       65,536           19    2,203,457
10      100,000           20    2,799,000
