무한대전 몹의 표준적 데이타 테이블

LEVEL	STATS	HP's	AC	TO	   XP's	DAM	
  1	      55	 10	    90	19	     10	 5
  8	      58	 20	    80	18	     20	 6
  12	  61	 30	    70	17	     35	 7
  16	  65	 45	    60	16	     65	 8
  20	  68	 60	    50	15 	     85	10
  24	  71	 75	    40	14	    110	12
  28	  75	 90	    30	13	    140	14
  32	  78	105	    20	12	    170	16
  36	  81	120	    10	11	    200	18
  40	  85	135	     0	10	    240	20
  44	  88	150	    -5	 9	    280	22
  48	  91	165    -10	 8	    340	24
  52	  95	180    -15	 7	    400	26
  56	  98	195    -20	 6     	500	28
  60	 101	210    -25	 5      640	30
  64	 105	230    -30	 4      800	33
  68	 108	250    -35	 3     1000 36
  72	 111	270    -40	 2     1200	39  
  76	 115    290    -45   1     1400 42	
  80     118	320    -50	 0     1700	46	
  84	 121    350    -60  -2     2000 50 
  88     122    380    -70  -4     2500 54
  92     123    410    -80  -6     3000 58 
  96     124    450    -90  -8     4000 64 
  100    125    500   -100 -10     6000 70 
